AngelCount=4, 7
GroupSize=96.0, 32.0
Image0=Bm.BGO.angel0
MoveAngle=-3.14159265453, 3.14159265453
PosZ=Angel
Size=12, 24
Speed=4.0, 6.5
Time=16
WorldPos=-2000.0, +2000.0
